20
6
001110
000101
100100
111011
100100
010100
1
6
001110
000101
100100
111011
100100
010100
6
6
011101
100000
100110
101000
001000
100000
5
6
011101
100000
100110
101000
001000
100000
1
6
010001
101111
010111
011000
011000
111000
2
6
010001
101111
010111
011000
011000
111000
5
6
000110
001111
010111
111010
111100
011000
2
6
000110
001111
010111
111010
111100
011000
4
6
001111
000101
100111
111011
101101
111110
6
6
001111
000101
100111
111011
101101
111110
2
6
001000
000111
100010
010001
011000
010100
1
6
001000
000111
100010
010001
011000
010100
6
6
010100
101111
010111
111010
011101
011010
6
6
010100
101111
010111
111010
011101
011010
3
6
001111
001111
110010
110011
111101
110110
3
6
001111
001111
110010
110011
111101
110110
4
6
010111
101111
010011
110011
111100
111100
2
6
010111
101111
010011
110011
111100
111100
2
6
011111
101000
110101
101010
100100
101000
4
6
011111
101000
110101
101010
100100
101000
3